682

686
689

1111 1

8
11
13
14
35
41
42
52
60
66
67
68
76
88
94

101
131
132
143
148
153
171
180
211
212
241
242
262
266
300
301
310
318
328
346
353
356
366
371
372
379
385
386
425
428
438
473
475

11

II

55.
69.
126.
75.
53.
169.
51.
175.
347.
87.
89.
363.
120.
26.
53.
78.
382.
277.
124.
26.
450.

404.
272.
314.
288.
450.
256.
269.
40.
40.
497.
10.
100.
75.
377.
90.
400.
435.
96.
39.
88.
164.
438.
129.
196.
469.
58.
526.
296.

144.

INDEX

129.

105
206

. 106.

492.

175

. 311. 444.

451.

51.

ΙΙ 378.

249.
303.

476.

97.

310.

258.

480
489
497
499
511
512
514
525
529
541
547
550
551
559
569
574
578
600
606
610
627
654
696

11

14

27

40

66

71

98
110
187
191
198
230
254
255
282
284
285
314
329
400
430
432
493
515
534
565
571
595
661

121.
522.

ΙΙ 572.
478.
347.
465.

49. 82.
467.
293.
256.
364.
121.
373.

39.

22.
251. 488.
271.
364.

ΙΙ 160.

8.

191.

96. 98.

15.

93.

14.
116.
114.
484.
240.
348.
409.
381.
238.
133.
317.
342.
392.

II 582.
168.
303. ΙΙ 101.
263.
269. 276.

ΙΙ 75.
500.
500.
364.

16.

ΙΙ 627.
237.
459. 493.
399.
405.

 

