VI

693
710
730
734
735
745
755
759
800
801
810
828
829
833
849
866

15

16

20

36

37

62

75

76

80

83
120
121
128
130
132
158
196
203
216
227
238
257
268
269
273
278
287
288
300
315
363
365
395
397

413.

417

II

11

II

500.

132.
203.
299.
299. 348.

360.

44. 365.
179. 336.
54- 55.

331.

209.

17. 96.
250.
410.
194.
513.
609.
402

391.
351.
103. 391.
303.
110.
250.
209.
199.
274.

219 464.
176.
201.
449.
110. 485.

311.
273.
199. 209

209.
413.
111.

17.
274.

55.
310.

SCRIPTORVM.

432
474
494
506
515
569
580
582
584
596
598
601
603
609
616
645
646
647
654
661
662
687
688
698
714
732
747
780
793
801
813
816
824
832
836
841
843
844
853
871
876
883
895

8

27
31
37
53
60
63

109. 165. 407.

171.
414.
112.
256.
251.
274.
271.
271.
274.
274.

11 545.
109.
456.
210.

ΙΙ 638.
309.

ΙΙ 327.
205.

ΙΙ 639.
II 522.
93.
372.
484.
504.
250.

ΙΙ 228.
11.
259.
254.

ΙΙ 112.
250.
250.
228.
259.
414.
259.
259.

436. 522.

321.

489.
47.

364.

489.
173.
257.
12.
ΙΙ 100.
93.

86. Ρ
28.

310.

50.
367.

33.

683

