720
725
726
727
728
734
738
742
744
750
756
ΙΙ 6

13

15

22

26

27

36

52

77

85

95
104
116
126
132
154
159
170
197
205
234
239
249
254
261
281
289
292
304
366
409
492
502
535
545
554
557
564
592

ΙΙ
ΙΙ

ΙΙ

ΙΙ

ΙΙ

ΙΙ
ΙΙ
ΙΙ

ΙΙ

ΙΙ
ΙΙ

ΙΙ

78.

338.

217.

104.

466.

30. 73. 431.
96.

147.

243.

35. 387.
61.

470.

53.

489. 645.

133.

399. 403.

273.

403.

11. ΙΙ 609.

63.
602.

IL
109.
233.
255.
255.

37.
348.
279.
296.

SCRIPTORVM.

133. 169. 490.

29.
254.
326.
271.27z
8.
183. 378.
414.
399. ΙΙ 138.
402.
395.
373.42Z
281.
436.
430.
181.
463.
389.
586.
269.
9.
254.

ΙΙΙ -

106
112
117
121
124
125
126
127
161
176
180
191
195
203
223
269
272
282
326
343
353
361
379
427
453
460
506
515
521
549
553
578
623

195.
256.
58. 256.
436.
ΙΙ 102.
304.
445.
395.
272.
ΙΙ 127.
ΙΙ 582.
414.
512.
435
258.
259.
473.
259. 325. 479.
256
485.
251.
91.
158.
143.
259.
78.
56.
435.
348.
31.
ΙΙ 18.
93.
388.
127.
136.
17.
4. 451.
170.
393.
ΙΙ 346.
362.
ΙΙ 316.
ΙΙ 359.
112.
ΙΙ 230.
15.
183.
345.
513.
64. 66. 176.
271.
11 147.

681

