678

VIIII

Georgg. Ι

28
35
41
44
47
55
56
65
71
75
95
97

21

25

35

36

45

47

49

50

51

52

58

95
2(22)

16

20

43

59

66

10
14
43
44
55
56
57
62
96
99
109
120
128
185
202
205
222

8

128.
, 33.
1.

78.

II 297.
391.
79.
205.

337.

107.
Π 472.
II 568.

II 62.
476.

25.
320.
385.

47.

333.
449.

Π 559.

400.
371.

465.

459.
110.
401.
304.
413.
360.

433.
333.

71.

427.
153.

21.

21.

20.

ΙΙ 294.
120.

203.

20.
69.
121.

513.
11 651.
372.

243.
233.

II 105.

105.

339.

11 588.

430.

605.

309.

117.

45. 406.

447.
316.
450.

293.

INDEX

ΙΙ

224
227
234
236
242
256
266
272
274
280
281
290
302
313
330
339
341
371
378
388
405
410
418
433
464
466
482
499

36

81

82

91

92

95

96
101
105
125
140
146
150
151
153
161
167
172
192
193
195

196
201

234

11

II

II

sqq.

14.

81.

90. 260.

90. 260.
353.

93.
104.
396.

81.

17.
271. 277.
579.
332. 335.
392.

64.
318.

20. 21.
331. 333.
453.
331. 333. 362. 366.
383.

95.
449.
306.
394.

396.

82. 296.
228.
448.
520.
142.
199.
449.
105.
401.
108.
270.
513.
388. 436.

87.

89.
513.
527.

88. 279.
48. 437.
120.

138.
177.

82.
404.

10.

