684

VTII

80

83
100
114
133
160
203
220
223
227
258
261
266
282
322
337
363
387
389
400
403
417
495
498
499
601
604
634
641
662
663
672
698
715
754
759
768
799
800

20

27

28

73

77

87

89
103
114
138
140
150
202

335.

28.

32.

430.
ΙΙ 7.

399.

401.

ΙΙ 152.
II 60.
84.
152.
89.
240.

7.

ΙΙ 213.

331.

ΙΙ 120.
59.
300.
256.
270.
194.
388.
318.

424. 480. 481.

172.
45.
59.

257.

85.

351.

ΙΙ 579.
ΙΙ 100.
208.
370.

32

. 175. 177.

484.
431.
ΙΙ 474.
316.
409.
ΙΙ 106.
ΙΙ 97.
217.

249.

104.

107.

427.
120.
36.

40.

ΙΙ 101.
459.
11.
436.
202.

INDEX

215
224
276
285
291
297
324
337
361
364
384
385
393
403
412
489
537
556
589
591
609
634
638
641
658
697
699
704
712
720

’724

VTHI

726
728

60
106
107
113
115
125
141
152
154
155
163
205
273
325
340
349
412
447

453.
143.
163.
139.

ΙΙ 526.
105.
190.
204.

ΙΙ 413.
ΙΙ 564.
109.

ΙΙ 609.
168.
420.
450.

ΙΙ 117.
58.

304.
147.
692.
288.

ΙΙ 460.
21.
311.
144.
272.
435.
143.
442.

II 583.
188.
188.

II 582.
450.
241.
132.
163.

ΙΙ 443.
115.
84.
403.
515.
169.
158.
317.
139.
164.
468.
96.
188.
124.

386.

421.

387.

II 536.

169. 363.

85.

257.

