674 INDEX

247 331.
316 461.
356 121.
360 102.

XI 149 II 362.
154 354.

164 II 35.
XIII 11 489.
24 260.

XIIII 137 210. 327.
139 157. 326.

168 452.
301 23.
302 II 578.
304 218.

Κυκλικοὶ II 656.

Laeuius 245.
Lamia, Aelius 102. 103. 138. 11 625.

Leges XII tabularum II 165. 199. 510. 527. .

antiquae II 199. 654.

Heinius uid. Caluus.
Liuius Andronicus 530.

T. Liuius Praef. 5 14.

XXVI 17 40.
XXVII 51 396.
XXXII 11 40.
XXXVII 45 40.

CXXVII II 97. 107.
Perioch. CXXXIII 144. 146.

Lucanus Pharsal.

138
290
375
424
554
713
111 19
160
319
IIII 314
610

V 5
266
374
403
527
556
779
VI 55
171
268
552
689
VII 482
550
VIII 175
374
VIIII 68
185
1044
X 63
116

II 100.
254.
213.
120. 331.
320.
153.
502.
46.
278.
450.
254.
331. 343.
152.
152.
327.
217.
460.
444.
384.
465.
175.
465.
464.

48.
135.
216.

33.
165.
120. 387.

15.

142.
421.

1 Lucilius 89. 11 68. 74. 75. 79. 80. 88. 90.

167. 168. 175. 176. 178. 181. 185.

I 11 12.
20 427.

23 478.

62 319.

95 478.

98 150.
132 250.
165 47.
173 354.
230 104.
380 135.
492 429.
510 22.
660 10.
685 60.
694 179.
11 49 104.
103 135.
105 456.

202.

268.
199.

 

186. 191. 202. 203. 211. 271. 373.
500. 562. 612. uitam Scipionis lau-

dauit II 189. 200. saturae 11 3. 387. ,

Satt. lib. III II 105. 185.
III 4 II 131.
9 II 133.

V 25 II 48.
III 22 II 65.

VII 4 Π 110.
VIII 11 11 33.

VIIII ΙΙ 185.

25 II 166.

X II 185.

XVI 91.
XVIII 3 II 69.

inc. libr. 23 II 72.
27 II 128.

59 31.

 

