448
459
476
525
552
566
582
617
619
638
642
668
688
760
764

18
33
92
115
116
136
166
285
314
360
467
471
496
512
564
597
631
644
662
710
711
726
734
745
746
781
814
832?
XI 14
51

11

ΙΙ

II

11

II

II

. 424.
47.

37.

26.

SCRIPTORVM.
379. 52 238.
385. 55 169.
17. 196 135.
265. 306 395.
249. 309 Π 238.
68. 405 378.
465. ΙΙ 4. 424 280.
63. 382. 426 132.
338. 476 272.
28. 480 II 17.
399. 681 234.
243. 293. 297. 695 ΙΙ 432.
483. 721 143.
249. 740 142.
608. 751 392.
198. 785 35.
241. 874 301.
485. 878 489.
59. XII 4 341.
241. 19 90.
148. 152. 52 403.
293. 417. 77 417.
378. 84 II 137.
138. 99 59
465. 100 II 37.
204. 107 78.
15. 156 513.
96. 235 157.
209. 336 133.
427. 429. 394 437.
222. 407 35.
l· 440 393.
193. 484 107.
373. 492 130.
199. 500 ΙΙ 100.
465. 527 25.
93. 634 ΙΙ 389.
313. 686 377.
403. 694 ΙΙ 279.
95. 768 23.
110. 801 456.
15. 828 258.
164. 503. 876 8.
424. 934 89.
300. Verg, Ciris 430 33.
96. Visci duo fratres 11 170.

685

