680 INDEX

475 110. 244 144.
478 209. 261 74. 319.
480 205. 263 435.
483 309. 266 61.
484 310. 273 257.
488 165. 278 259. 434.
489 96. 283 170.
490 88. 96. 284 402.
509 309. 287 430.
510 169. 289 10. 191.
512 456. 292 134.
513 II 66. 293 II 545.
551 484. 294. 430. 432.
563 466. 295 304. 305.
564 413. 297 11.
in fine II 505. 317 Π 68.
Aen. I 4 78. 335 79.
6 49. II 33. 112. 345 II 27.
7 436. 350 301. 302.
14 II 12. 371 492.
21 427. 374 509.
34 II 601. 385 365.
39 489. 402 50.
41 168. 404 75.
46 260. 409 II 603.
47 II 51. 416 79.
66 15. 418 16.
72 62. 424 244.
79 104. 254. 460 152.
85 54. 474 187.
90 129. 482 169. 395.
94 52. 484 39.
99 47. 144. 535 110. 489.
100 502. 543 121.
104 ΙΙ 68. ’ 568 65.
112 16. 580 393.
113 34. 590 262.
118 152. 593 78.
119 114. 217. 606 38.
133 500. 607 510.
137 195. 608 110. 113.
143 45. 620 385.
148 449. 636 74.
160 209. 654 71. 480.
173 466. ” 662 ΙΙ 5.
195 180. 319. 417. 665 563.
199 31. 203. II 297. 676 II 82.
209 133. 144. 694 266.
212 390. 518. 695 183.
224 14. 271. 697 371.
227 81. 700 105.

228 4. 460. 705 418.

