111

239
261
272
276
278
317
319
324
328
339
353
380
382
392
404
451
455
457
458
461
463
465
467
468
469
471
475
488
497
502
512
520
523
524
534

17
32
34
51
52
66
70
81
89
94
98
117
125
202
208

ΙΙ

ΙΙ

SCRIPTORVM.

73.
289.
309.
268.
98.
20.
73.
20.
92.
45.
70. 371.
299.
334.
35.
492.
66. 132. 136. 339.
74.
198.
447.
229. 448.
244.
34.
242.
513.
85.
268.
268.
143.
132. 287.
448.
220.
68.
348.
400.
434.
84. 85. II 498.
250.
512.
134.
78.
282.
464.
193.
286.
268.
45.
63.
493.
258.
68.
2. 386.
33. 35.

ΙΠΙ

210
212
215
255
264
266
279
284
293
328
335
336
349
351
356
357
360
369
378
381
389
402
405
408
434
463
474
525
526
529
530
538

10

45

50
106
126
133
138
142
211
270
289
346
356
372
394
402
407
467
472

76.
311.

78.
. 289..
205.

100.
15.
20.

272.
453.
435.
435.

270.
306.

89.

89.

186.
186.

449.
238.
520.
100.

476.
428.
307.

269.

64.

109.

195.

448.
325.

258.

82.
402.

175.

450.
147.
243.
88.
68.
251.

39.

11 459.
383.

327.
II 272.
129.
22.

101.

208.

101.

ΙΙ 7.

ΙΙ 389.

276.

454.

679

