SCRIPTORVM. 677

Valgius 186. 188. 189. 191. 08 105,
varius Lucius 24. 26. 27. 95. 97. 175. 184. 71 55·
644. Thyestes trag. 25. panegyricus 82 , 68·
Augusti II 452. 459. 34 ῙῙ 633·
Varro 406. 515. 11 292. 348. ⁸⁶ ¹5⁰· 385· 51¹·
Atacinus ΙΙ 175. 90 490’ Π 276’
Terentius Narbonensis II 185. ΗΠ 1οΞ {Z}
Saturae Π 387. in primo rerr. divinar. 20 175⁶
II 425. virgula divina (Satt. '
Men.) 11152. in III disciplina· 21 451' 513‘
rum et ad Marcellum de lingua ἓξ 2ὲὲ
Lat. Π 610. 31 354’
Varus Quintilius II 644. 666 et vide: Varius. 33 Π 77:
vergilius Maro 14. 17. 94. 97. 140. 491. 53 387.
Π 175. 184. et saepius. 60 ΙΙ 603.
Bucol. I 1 II 293. 66 454.
7 II 315. V 2 338.
9 400. 448. 487. 8 495. 297.
10 123. 11 336.
29 II 119. 16 II 159.
41 II 315. 20 8.
42 226. 27 378.
44 437. 40 334.
46 II 626. 44 62.
50 513. 51 61.
52 316. 56 459.
55 449. 65 387.
66 428. 70 19. 332. 333.
79 180. 89 168.
II 1 413. 505. VI 3 84. 430. II 172.
6 416. 40 68.
8 371. 46 172.
9 93. 62 151.
10 459. 68 180. 417.
11 68. 71. 489. 76 475.
21 219. VII 1 449.
27 364. 2 97.
29 243. 7 68.
32 421. 21 231.
33 421. 24 320.
44 307. 25 5.
56 307. 27 378.
66 290. 452. 454. 47 68. 71.
67 290. 53 37.
69 255. 55 175.
71 79. 60 89.
ΙΠ 6 98. 70 255.
9 183. 185. VIII 10 151.
20 165. 175. 12 7.
57 453. 15 421.

65 37. 38. 200. 335. 27 117. 126.

